2648857
2645398
2651245
2657445
2636321
2649438
2650832
2654411
2639992
2645398
2646944
2650918
2656076
2651601
2648205
2642240
2650833
2646384
2641007
2650086
2655288
2655288
2643857
2649169
2637248
2646086
2645409
2645409
2656752
2656565
2656565
2656539
2656405
2641549
2635630
2640064
2652449
2650401
2637248
2653989
2657820
3333234
2655394
2645216
2644594
2642302
2646134
2646134
6457407
2643825
2648877
2647178
2656584
2651060
2651151
2645843
2650314
2640242
2650776
2649784
2642503
2645712
3333228
2647570
2649179
2634360
2648308
2644818
2647954
2653915
2637930
2648626
2651706
2645291
2635981
2642384
2644927
2647297
2649713
2641235
7291399
2657362
2962707
2643737
2650726
2645555
2656490
2653712
2634095
2641528
2645287
2651609
2637836
2647910
2654915
2647593
2647007
2639042
2655250
2638302
2643773
2966406
2962056
2646029
2640968
2650729
2642077
2657644
2653559
2657122
2640078
3042259
2645287
2634096
2639038
7300104
2651712
2645301
2655062
7302937
2655549
2648172
2643773
2966778
2965333
2966492
2966596
2966454
2966638
2961568
2963016
2651864
2962160
2657295
2657182
2657182
3042196
2638443
2653505
6941089
7290606
2655327
2655173
2650517
2643142
2633705
2654728
2966715
2966253
2960924
2961732
2963366
2961882
2964260
2963528
2960874
3316393
2961461
2961461
2657182
2642391
2637343
2637338
7300542
2635744
2654715
2651948
2649544
2644773
2641356
2635988
2650519
2963600
2966342
3312364
2965939
3313244
2965358
3313891
3314600
2967013
3315232
6691053
2964892
2963848
2649029
2645093
2655245
2635851
2653225
2633551
2647236
2641760
2646595
2640592
2646202
2963701
2961980
2961165
2962304
2964516
2961920
2965643
2965768
2965350
2966775
2960936
2960936
2636290
2643997
7292284
2634550
2653207
2637142
2656207
2642801
2638995
2648381
7290592
2648279
2636487
2651324
2961147
2966683
2965945
2961192
2965873
2963880
2963718
3302279
2966015
2963246
2966588
2966588
2657850
2655047
2643990
2642402
2657696
2654591
2645406
8224780
2637546
2649259
2643337
2651311
7290602
2644266
2643121
2645020
2636032
2651214
2654327
2965852
2963311
2963370
2966390
2961642
3299997
2962911
2963121
2964528
2966956
2964492
2964542
2963226
2963226
2644127
2654818
7292195
2653978
2644707
2654807
2653140
2646648
2655012
2638049
2657337
2654134
2650605
2634212
2636564
2646057
2634836
2657557
2965863
2963013
2966618
2962997
2965402
2966709
3294101
2966520
2966911
2966956
2964492
2964542
2638822
2654229
7297805
2654449
2640056
7298757
2654014
2653343
2643146
2654657
2647837
2634869
2643003
2647487
2633653
6690802
7290689
2654270
2652974
2643044
2654635
2966377
2965887
2965887
2653568
2635640
2654858
2652508
2645095
2634704
2654269
2648559
2654454
3345425
2650615
2657324
2650793
2649660
2652082
2638669
2638187
2643060
2653342
6620354
2652034
2639259
2652511
2656100
2651101
2643276
7290680
2638151
2648272
2655622
2638930
2646504
2638311
2655777
2649737
2651048
2649126
2640291
2633394
2635610
7296060
2637853
2650368
2650368
2636445
2636445
2653396
2634985
2638219
2644319
8128721
2638311
2650497
2649737
2643327
2649258
2643131
2642687
7300019
2641552
2650353
2651498
7296060
6947746
6947746
6947746
6947746
2634985
